2 32 3 20
56.557156 38.948641
60.411768 29.851961
54.390894 57.229891
55.700594 37.302375
55.675823 37.917610
55.202170 37.697883
56.533535 38.225227
55.626232 38.664680
56.217186 36.467414
55.452169 37.082649
55.352359 38.049446
55.576578 37.390266
56.241614 37.390266
55.750091 37.917610
56.362912 37.105126
59.732125 30.381494
60.411768 30.117822
59.908859 30.645165
59.842694 29.898095
59.908859 30.864892
59.908859 29.854150
60.368342 30.645165
59.465263 30.293603
59.952896 29.194970
60.324858 30.073876
54.722182 55.386376
54.645970 56.485009
55.251671 56.133447
54.772911 55.474267
55.226615 55.562157
54.772911 56.616845
55.201544 56.438875
54.390894 56.702547
54.237084 55.252352
55.551108 55.867586
